Time [sec]          Ch A [K]  Ch A [K]  
1539460050          46.34     46.34     
1539460092          46.35     46.35     
1539460134          46.36     46.36     
1539460176          46.36     46.36     
1539460218          46.42     46.42     
1539460260          46.41     46.41     
1539460302          46.43     46.43     
1539460344          46.42     46.42     
1539460386          46.46     46.46     
1539460428          46.46     46.46     
1539460470          46.47     46.47     
1539460512          46.47     46.47     
1539460554          46.45     46.45     
1539460596          46.47     46.47     
1539460639          46.44     46.44     
1539460681          46.48     46.48     
1539460723          46.46     46.46     
1539460765          46.50     46.50     
1539460807          46.50     46.50     
1539460849          46.51     46.51     
1539460891          46.54     46.54     
1539460933          46.53     46.53     
1539460975          46.54     46.54     
1539461017          46.53     46.53     
1539461059          46.59     46.59     
1539461101          46.58     46.58     
1539461143          46.59     46.59     
1539461185          46.62     46.62     
1539461227          46.66     46.66     
1539461269          46.68     46.68     
1539461311          46.69     46.69     
1539461353          46.72     46.72     
1539461395          46.67     46.67     
1539461437          46.70     46.70     
1539461479          46.66     46.66     
1539461521          46.70     46.70     
1539461563          46.68     46.68     
1539461605          46.70     46.70     
1539461647          46.70     46.70     
1539461689          46.70     46.70     
1539461731          46.68     46.68     
1539461774          46.70     46.70     
1539461816          46.75     46.75     
1539461858          46.71     46.71     
1539461900          46.74     46.74     
1539461942          46.71     46.71     
1539461984          46.77     46.77     
1539462026          46.71     46.71     
1539462068          46.74     46.74     
1539462110          46.71     46.71     
1539462152          46.75     46.75     
1539462194          46.70     46.70     
1539462236          46.73     46.73     
1539462278          46.71     46.71     
1539462320          46.71     46.71     
1539462362          46.69     46.69     
1539462404          46.66     46.66     
1539462446          46.70     46.70     
1539462488          46.67     46.67     
1539462530          46.69     46.69     
1539462572          46.66     46.66     
1539462614          46.68     46.68     
1539462656          46.65     46.65     
1539462698          46.70     46.70     
1539462740          46.70     46.70     
1539462783          46.69     46.69     
1539462825          46.70     46.70     
1539462867          46.69     46.69     
1539462909          46.70     46.70     
1539462951          46.70     46.70     
1539462993          46.77     46.77     
1539463035          46.79     46.79     
1539463077          46.82     46.82     
1539463119          46.82     46.82     
1539463161          46.85     46.85     
1539463203          46.84     46.84     
1539463245          46.85     46.85     
1539463287          46.83     46.83     
1539463329          46.83     46.83     
1539463371          46.84     46.84     
1539463413          46.84     46.84     
1539463455          46.89     46.89     
1539463497          46.89     46.89     
1539463539          46.91     46.91     
1539463581          46.87     46.87     
1539463623          46.88     46.88     
1539463665          46.88     46.88     
1539463707          46.85     46.85     
1539463749          46.87     46.87     
1539463791          46.84     46.84     
1539463834          46.84     46.84     
1539463876          46.80     46.80     
1539463918          46.85     46.85     
1539463960          46.84     46.84     
1539464002          46.90     46.90     
1539464044          46.88     46.88     
1539464086          46.90     46.90     
1539464128          46.92     46.92     
1539464170          46.89     46.89     
1539464212          46.90     46.90     
1539464254          46.88     46.88     
1539464296          46.91     46.91     
1539464338          46.88     46.88     
1539464380          46.91     46.91     
1539464422          46.89     46.89     
1539464464          46.91     46.91     
1539464506          46.90     46.90     
1539464548          46.87     46.87     
1539464590          46.87     46.87     
1539464632          46.86     46.86     
1539464674          46.89     46.89     
1539464716          46.87     46.87     
1539464758          46.86     46.86     
1539464800          46.87     46.87     
1539464843          46.91     46.91     
1539464885          46.89     46.89     
1539464927          46.91     46.91     
1539464969          46.92     46.92     
1539465011          46.90     46.90     
1539465053          46.88     46.88     
1539465095          46.87     46.87     
1539465137          46.90     46.90     
1539465179          46.91     46.91     
1539465221          46.94     46.94     
1539465263          46.91     46.91     
1539465305          46.94     46.94     
1539465347          46.95     46.95     
1539465389          46.98     46.98     
1539465431          46.97     46.97     
1539465473          46.98     46.98     
1539465515          47.00     47.00     
1539465557          46.99     46.99     
1539465599          47.02     47.02     
1539465641          47.00     47.00     
1539465683          47.03     47.03     
1539465725          47.02     47.02     
1539465767          47.03     47.03     
1539465809          47.02     47.02     
1539465851          47.06     47.06     
1539465894          47.07     47.07     
1539465936          47.08     47.08     
1539465978          47.10     47.10     
1539466020          47.10     47.10     
1539466062          47.13     47.13     
1539466104          47.12     47.12     
1539466146          47.15     47.15     
1539466188          47.13     47.13     
1539466230          47.16     47.16     
1539466272          47.14     47.14     
1539466314          47.17     47.17     
1539466356          47.14     47.14     
1539466398          47.18     47.18     
1539466440          47.16     47.16     
1539466482          47.19     47.19     
1539466524          47.16     47.16     
1539466566          47.15     47.15     
1539466608          47.22     47.22     
1539466650          47.23     47.23     
1539466692          47.21     47.21     
1539466734          47.12     47.12     
1539466776          47.11     47.11     
1539466818          47.09     47.09     
1539466860          47.08     47.08     
1539466902          47.04     47.04     
1539466944          47.07     47.07     
1539466987          47.06     47.06     
1539467029          47.09     47.09     
1539467071          47.12     47.12     
1539467113          47.10     47.10     
1539467155          47.16     47.16     
1539467197          47.14     47.14     
1539467239          47.14     47.14     
1539467281          47.12     47.12     
1539467323          47.14     47.14     
1539467365          47.09     47.09     
1539467407          47.14     47.14     
1539467449          47.08     47.08     
1539467491          47.10     47.10     
1539467533          47.05     47.05     
1539467575          47.06     47.06     
1539467617          47.07     47.07     
1539467659          47.02     47.02     
1539467701          47.05     47.05     
1539467743          46.99     46.99     
1539467785          46.99     46.99     
1539467827          46.97     46.97     
1539467869          46.97     46.97     
1539467911          46.95     46.95     
1539467954          46.97     46.97     
1539467996          46.97     46.97     
1539468038          46.99     46.99     
1539468080          46.98     46.98     
1539468122          46.96     46.96     
1539468164          47.00     47.00     
1539468206          46.97     46.97     
1539468248          47.00     47.00     
1539468290          47.00     47.00     
1539468332          47.04     47.04     
1539468374          47.05     47.05     
1539468416          47.09     47.09     
1539468458          47.12     47.12     
1539468500          47.16     47.16     
1539468542          47.20     47.20     
1539468584          47.23     47.23     
1539468626          47.25     47.25     
1539468668          47.27     47.27     
1539468710          47.29     47.29     
1539468752          47.28     47.28     
1539468794          47.32     47.32     
1539468836          47.32     47.32     
1539468878          47.34     47.34     
1539468920          47.36     47.36     
1539468963          47.42     47.42     
1539469005          47.39     47.39     
1539469047          47.45     47.45     
1539469089          47.42     47.42     
1539469131          47.47     47.47     
1539469173          47.45     47.45     
1539469215          47.45     47.45     
1539469257          47.48     47.48     
1539469299          47.51     47.51     
1539469341          47.55     47.55     
1539469383          47.57     47.57     
1539469425          47.60     47.60     
1539469467          47.60     47.60     
1539469509          47.64     47.64     
1539469551          47.69     47.69     
1539469593          47.74     47.74     
1539469635          47.75     47.75     
1539469677          47.73     47.73     
1539469719          47.78     47.78     
1539469761          47.78     47.78     
1539469803          47.80     47.80     
1539469845          47.79     47.79     
1539469887          47.77     47.77     
1539469929          47.66     47.66     
1539469971          47.63     47.63     
1539470014          47.65     47.65     
1539470056          47.67     47.67     
1539470098          47.75     47.75     
1539470140          47.77     47.77     
1539470182          47.82     47.82     
1539470224          47.78     47.78     
1539470266          47.75     47.75     
1539470308          47.70     47.70     
1539470350          47.74     47.74     
1539470392          47.78     47.78     
1539470434          47.84     47.84     
1539470476          47.84     47.84     
1539470518          47.86     47.86     
1539470560          47.89     47.89     
1539470602          47.71     47.71     
1539470644          47.74     47.74     
1539470686          47.79     47.79     
1539470728          47.92     47.92     
1539470770          47.94     47.94     
1539470812          47.97     47.97     
1539470854          48.02     48.02     
1539470896          48.06     48.06     
1539470938          48.09     48.09     
1539470980          48.10     48.10     
1539471022          48.11     48.11     
1539471065          48.14     48.14     
1539471107          48.13     48.13     
1539471149          48.06     48.06     
1539471191          48.11     48.11     
1539471233          48.11     48.11     
1539471275          48.14     48.14     
1539471317          48.15     48.15     
1539471359          48.15     48.15     
1539471401          48.16     48.16     
1539471443          48.05     48.05     
1539471485          48.06     48.06     
1539471527          48.00     48.00     
1539471569          48.00     48.00     
1539471611          48.03     48.03     
1539471653          48.12     48.12     
1539471695          48.16     48.16     
1539471737          48.22     48.22     
1539471779          48.25     48.25     
1539471821          48.25     48.25     
1539471863          48.30     48.30     
1539471905          48.29     48.29     
1539471947          48.34     48.34     
1539471989          48.32     48.32     
1539472031          48.36     48.36     
1539472073          48.38     48.38     
1539472115          48.39     48.39     
1539472158          48.41     48.41     
1539472200          48.46     48.46     
1539472242          48.49     48.49     
1539472284          48.50     48.50     
1539472326          48.51     48.51     
1539472368          48.48     48.48     
1539472410          48.53     48.53     
1539472452          48.52     48.52     
1539472494          48.54     48.54     
1539472536          48.54     48.54     
1539472578          48.53     48.53     
1539472620          48.46     48.46     
1539472662          48.49     48.49     
1539472704          48.56     48.56     
1539472746          48.56     48.56     
1539472788          48.45     48.45     
1539472830          48.39     48.39     
1539472872          48.35     48.35     
1539472914          48.30     48.30     
1539472956          48.29     48.29     
1539472998          48.24     48.24     
1539473040          48.24     48.24     
1539473082          48.38     48.38     
1539473125          48.45     48.45     
1539473167          48.50     48.50     
1539473209          48.54     48.54     
1539473251          48.57     48.57     
1539473293          48.50     48.50     
1539473335          48.36     48.36     
1539473377          48.26     48.26     
1539473419          48.09     48.09     
1539473461          48.05     48.05     
1539473503          48.01     48.01     
1539473545          48.03     48.03     
1539473587          48.03     48.03     
1539473629          48.08     48.08     
1539473671          48.17     48.17     
1539473713          48.20     48.20     
1539473755          48.27     48.27     
1539473797          48.24     48.24     
1539473839          48.26     48.26     
1539473881          48.26     48.26     
1539473923          48.33     48.33     
1539473965          48.45     48.45     
1539474007          48.51     48.51     
1539474049          48.56     48.56     
1539474091          48.55     48.55     
1539474133          48.52     48.52     
1539474176          48.49     48.49     
1539474218          48.46     48.46     
1539474260          48.40     48.40     
1539474302          48.33     48.33     
1539474344          48.34     48.34     
1539474386          48.32     48.32     
1539474428          48.33     48.33     
1539474470          48.32     48.32     
1539474512          48.40     48.40     
1539474554          48.27     48.27     
1539474596          48.26     48.26     
1539474638          48.22     48.22     
1539474680          48.20     48.20     
1539474722          48.20     48.20     
1539474764          48.15     48.15     
1539474806          48.12     48.12     
1539474848          48.14     48.14     
1539474890          48.25     48.25     
1539474932          48.41     48.41     
1539474974          48.57     48.57     
1539475016          48.69     48.69     
1539475058          48.80     48.80     
1539475100          48.88     48.88     
1539475142          48.96     48.96     
1539475185          49.02     49.02     
1539475227          49.02     49.02     
1539475269          49.06     49.06     
1539475311          49.07     49.07     
1539475353          49.13     49.13     
1539475395          49.10     49.10     
1539475437          49.13     49.13     
1539475479          49.11     49.11     
1539475521          49.11     49.11     
1539475563          49.16     49.16     
1539475605          49.13     49.13     
1539475647          49.12     49.12     
1539475689          49.15     49.15     
1539475731          49.12     49.12     
1539475773          49.13     49.13     
1539475815          49.12     49.12     
1539475857          49.13     49.13     
1539475899          49.14     49.14     
1539475941          49.12     49.12     
1539475983          49.12     49.12     
1539476025          49.12     49.12     
1539476067          49.16     49.16     
1539476109          49.13     49.13     
1539476151          49.09     49.09     
1539476193          49.11     49.11     
1539476235          49.09     49.09     
1539476278          49.11     49.11     
1539476320          49.11     49.11     
1539476362          49.08     49.08     
1539476404          49.09     49.09     
1539476446          49.06     49.06     
1539476488          49.10     49.10     
1539476530          49.08     49.08     
1539476572          49.02     49.02     
1539476614          49.04     49.04     
1539476656          49.04     49.04     
1539476698          49.05     49.05     
1539476740          49.05     49.05     
1539476782          49.04     49.04     
1539476824          49.03     49.03     
1539476866          49.04     49.04     
1539476908          49.05     49.05     
1539476950          49.03     49.03     
1539476992          49.05     49.05     
1539477034          49.06     49.06     
1539477076          49.08     49.08     
1539477118          49.05     49.05     
1539477160          49.04     49.04     
1539477202          49.05     49.05     
1539477244          49.08     49.08     
1539477286          49.05     49.05     
1539477329          49.08     49.08     
1539477371          49.09     49.09     
1539477413          49.07     49.07     
1539477455          49.12     49.12     
1539477497          49.10     49.10     
1539477539          49.08     49.08     
1539477581          49.13     49.13     
1539477623          49.16     49.16     
1539477665          49.13     49.13     
1539477707          49.18     49.18     
1539477749          49.19     49.19     
1539477791          49.16     49.16     
1539477833          49.20     49.20     
1539477875          49.18     49.18     
1539477917          49.20     49.20     
1539477959          49.20     49.20     
1539478001          49.21     49.21     
1539478043          49.24     49.24     
1539478085          49.22     49.22     
1539478127          49.24     49.24     
1539478169          49.21     49.21     
1539478211          49.22     49.22     
1539478253          49.23     49.23     
1539478295          49.23     49.23     
1539478337          49.23     49.23     
1539478380          49.25     49.25     
1539478422          49.25     49.25     
1539478464          49.25     49.25     
1539478506          49.23     49.23     
1539478548          49.24     49.24     
1539478590          49.19     49.19     
1539478632          49.21     49.21     
1539478674          49.16     49.16     
1539478716          49.18     49.18     
1539478758          49.21     49.21     
1539478800          49.22     49.22     
1539478842          49.23     49.23     
1539478884          49.26     49.26     
1539478926          49.27     49.27     
1539478968          49.27     49.27     
1539479010          49.31     49.31     
1539479052          49.29     49.29     
1539479094          49.31     49.31     
1539479136          49.29     49.29     
1539479178          49.31     49.31     
1539479220          49.29     49.29     
1539479262          49.31     49.31     
1539479304          49.29     49.29     
1539479346          49.28     49.28     
1539479388          49.29     49.29     
1539479431          49.28     49.28     
1539479473          49.29     49.29     
1539479515          49.26     49.26     
1539479557          49.27     49.27     
1539479599          49.25     49.25     
1539479641          49.29     49.29     
1539479683          49.27     49.27     
1539479725          49.27     49.27     
1539479767          49.28     49.28     
1539479809          49.28     49.28     
1539479851          49.27     49.27     
1539479893          49.28     49.28     
1539479935          49.26     49.26     
1539479977          49.25     49.25     
1539480019          49.24     49.24     
1539480061          49.24     49.24     
1539480103          49.27     49.27     
1539480145          49.23     49.23     
1539480187          49.19     49.19     
1539480229          49.19     49.19     
1539480271          49.17     49.17     
1539480313          49.18     49.18     
1539480355          49.18     49.18     
1539480397          49.18     49.18     
1539480440          49.19     49.19     
1539480482          49.18     49.18     
1539480524          49.23     49.23     
1539480566          49.20     49.20     
1539480608          49.20     49.20     
1539480650          49.23     49.23     
1539480692          49.26     49.26     
1539480734          49.30     49.30     
1539480776          49.27     49.27     
1539480818          49.31     49.31     
1539480860          49.28     49.28     
1539480902          49.30     49.30     
1539480944          49.31     49.31     
1539480986          49.32     49.32     
1539481028          49.31     49.31     
1539481070          49.29     49.29     
1539481112          49.32     49.32     
1539481154          49.29     49.29     
1539481196          49.32     49.32     
1539481238          49.29     49.29     
1539481280          49.34     49.34     
1539481322          49.33     49.33     
1539481364          49.32     49.32     
1539481406          49.32     49.32     
1539481448          49.31     49.31     
1539481491          49.33     49.33     
1539481533          49.29     49.29     
1539481575          49.33     49.33     
1539481617          49.29     49.29     
1539481659          49.33     49.33     
1539481701          49.33     49.33     
1539481743          49.35     49.35     
1539481785          49.37     49.37     
1539481827          49.36     49.36     
1539481869          49.39     49.39     
1539481911          49.34     49.34     
1539481953          49.41     49.41     
1539481995          49.38     49.38     
1539482037          49.40     49.40     
1539482079          49.41     49.41     
1539482121          49.43     49.43     
1539482163          49.43     49.43     
1539482205          49.41     49.41     
1539482247          49.43     49.43     
1539482289          49.43     49.43     
1539482331          49.47     49.47     
1539482373          49.45     49.45     
1539482415          49.50     49.50     
1539482458          49.49     49.49     
1539482500          49.51     49.51     
1539482542          49.52     49.52     
1539482584          49.52     49.52     
1539482626          49.51     49.51     
1539482668          49.53     49.53     
1539482710          49.55     49.55     
1539482752          49.54     49.54     
1539482794          49.52     49.52     
1539482836          49.53     49.53     
1539482878          49.55     49.55     
1539482920          49.54     49.54     
1539482962          49.56     49.56     
1539483004          49.58     49.58     
1539483046          49.59     49.59     
1539483088          49.60     49.60     
1539483130          49.57     49.57     
1539483172          49.61     49.61     
1539483214          49.58     49.58     
1539483256          49.62     49.62     
1539483298          49.61     49.61     
1539483340          49.63     49.63     
1539483382          49.60     49.60     
1539483425          49.63     49.63     
1539483467          49.60     49.60     
1539483509          49.63     49.63     
1539483551          49.61     49.61     
1539483593          49.65     49.65     
1539483635          49.63     49.63     
1539483677          49.64     49.64     
1539483719          49.64     49.64     
1539483761          49.65     49.65     
1539483803          49.65     49.65     
1539483845          49.66     49.66     
1539483887          49.66     49.66     
1539483929          49.66     49.66     
1539483971          49.65     49.65     
1539484013          49.65     49.65     
1539484055          49.64     49.64     
1539484097          49.64     49.64     
1539484139          49.64     49.64     
1539484181          49.63     49.63     
1539484223          49.64     49.64     
1539484265          49.62     49.62     
1539484307          49.65     49.65     
1539484350          49.64     49.64     
1539484392          49.68     49.68     
1539484434          49.67     49.67     
1539484476          49.67     49.67     
1539484518          49.64     49.64     
1539484560          49.65     49.65     
1539484602          49.66     49.66     
1539484644          49.67     49.67     
1539484686          49.69     49.69     
1539484728          49.66     49.66     
1539484770          49.68     49.68     
1539484812          49.66     49.66     
1539484854          49.69     49.69     
1539484896          49.66     49.66     
1539484938          49.71     49.71     
1539484980          49.69     49.69     
1539485022          49.70     49.70     
1539485064          49.67     49.67     
1539485106          49.69     49.69     
1539485148          49.69     49.69     
1539485190          49.69     49.69     
1539485232          49.66     49.66     
1539485274          49.67     49.67     
1539485316          49.67     49.67     
1539485359          49.65     49.65     
1539485401          49.67     49.67     
1539485443          49.66     49.66     
1539485485          49.66     49.66     
1539485527          49.64     49.64     
1539485569          49.68     49.68     
1539485611          49.67     49.67     
1539485653          49.69     49.69     
1539485695          49.67     49.67     
1539485737          49.68     49.68     
1539485779          49.66     49.66     
1539485821          49.66     49.66     
1539485863          49.66     49.66     
1539485905          49.63     49.63     
1539485947          49.63     49.63     
1539485989          49.63     49.63     
1539486031          49.64     49.64     
1539486073          49.61     49.61     
1539486115          49.62     49.62     
1539486157          49.58     49.58     
1539486199          49.62     49.62     
1539486241          49.57     49.57     
1539486283          49.59     49.59     
1539486325          49.55     49.55     
1539486368          49.56     49.56     
1539486410          49.52     49.52     
1539486452          49.55     49.55     
1539486494          49.56     49.56     
1539486536          49.55     49.55     
1539486578          49.55     49.55     
1539486620          49.53     49.53     
1539486662          49.55     49.55     
1539486704          49.52     49.52     
1539486746          49.57     49.57     
1539486788          49.52     49.52     
1539486830          49.53     49.53     
1539486872          49.52     49.52     
1539486914          49.49     49.49     
1539486956          49.51     49.51     
1539486998          49.49     49.49     
1539487040          49.51     49.51     
1539487082          49.46     49.46     
1539487124          49.48     49.48     
1539487166          49.43     49.43     
1539487208          49.45     49.45     
1539487250          49.44     49.44     
1539487292          49.44     49.44     
1539487334          49.42     49.42     
1539487376          49.42     49.42     
1539487419          49.43     49.43     
1539487461          49.41     49.41     
1539487503          49.44     49.44     
1539487545          49.40     49.40     
1539487587          49.44     49.44     
1539487629          49.44     49.44     
1539487671          49.47     49.47     
1539487713          49.44     49.44     
1539487755          49.47     49.47     
1539487797          49.46     49.46     
1539487839          49.48     49.48     
1539487881          49.47     49.47     
1539487923          49.45     49.45     
1539487965          49.49     49.49     
1539488007          49.44     49.44     
1539488049          49.48     49.48     
1539488091          49.43     49.43     
1539488133          49.48     49.48     
1539488175          49.43     49.43     
1539488217          49.45     49.45     
1539488259          49.42     49.42     
1539488301          49.44     49.44     
1539488343          49.44     49.44     
1539488385          49.42     49.42     
1539488427          49.44     49.44     
1539488470          49.42     49.42     
1539488512          49.46     49.46     
1539488554          49.41     49.41     
1539488596          49.42     49.42     
1539488638          49.40     49.40     
1539488680          49.45     49.45     
1539488722          49.42     49.42     
1539488764          49.46     49.46     
1539488806          49.42     49.42     
1539488848          49.46     49.46     
1539488890          49.43     49.43     
1539488932          49.45     49.45     
1539488974          49.44     49.44     
1539489016          49.45     49.45     
1539489058          49.45     49.45     
1539489100          49.41     49.41     
1539489142          49.44     49.44     
1539489184          49.41     49.41     
1539489226          49.42     49.42     
1539489268          49.39     49.39     
1539489310          49.43     49.43     
1539489352          49.40     49.40     
1539489394          49.44     49.44     
1539489437          49.40     49.40     
1539489479          49.44     49.44     
1539489521          49.40     49.40     
1539489563          49.43     49.43     
1539489605          49.41     49.41     
1539489647          49.44     49.44     
1539489689          49.44     49.44     
1539489731          49.44     49.44     
1539489773          49.46     49.46     
1539489815          49.42     49.42     
1539489857          49.46     49.46     
1539489899          49.42     49.42     
1539489941          49.44     49.44     
1539489983          49.42     49.42     
1539490025          49.42     49.42     
1539490067          49.41     49.41     
1539490109          49.39     49.39     
1539490151          49.39     49.39     
1539490193          49.39     49.39     
1539490235          49.41     49.41     
1539490277          49.38     49.38     
1539490319          49.40     49.40     
1539490361          49.35     49.35     
1539490404          49.40     49.40     
1539490446          49.37     49.37     
1539490488          49.40     49.40     
1539490530          49.36     49.36     
1539490572          49.39     49.39     
1539490614          49.38     49.38     
1539490656          49.38     49.38     
1539490698          49.39     49.39     
1539490740          49.35     49.35     
1539490782          49.40     49.40     
1539490824          49.38     49.38     
1539490866          49.42     49.42     
1539490908          49.38     49.38     
1539490950          49.43     49.43     
1539490992          49.39     49.39     
1539491034          49.42     49.42     
1539491076          49.40     49.40     
1539491118          49.41     49.41     
1539491160          49.40     49.40     
1539491202          49.39     49.39     
1539491244          49.41     49.41     
1539491286          49.38     49.38     
1539491328          49.39     49.39     
1539491370          49.35     49.35     
1539491412          49.37     49.37     
1539491455          49.32     49.32     
1539491497          49.35     49.35     
1539491539          49.30     49.30     
1539491581          49.34     49.34     
1539491623          49.29     49.29     
1539491665          49.32     49.32     
1539491707          49.29     49.29     
1539491749          49.30     49.30     
1539491791          49.28     49.28     
1539491833          49.28     49.28     
1539491875          49.28     49.28     
1539491917          49.26     49.26     
1539491959          49.27     49.27     
1539492001          49.25     49.25     
1539492043          49.27     49.27     
1539492085          49.24     49.24     
1539492127          49.29     49.29     
1539492169          49.26     49.26     
1539492211          49.32     49.32     
1539492253          49.29     49.29     
1539492295          49.34     49.34     
1539492337          49.33     49.33     
1539492380          49.37     49.37     
1539492422          49.35     49.35     
1539492464          49.38     49.38     
1539492506          49.37     49.37     
1539492548          49.35     49.35     
1539492590          49.35     49.35     
1539492632          49.34     49.34     
1539492674          49.34     49.34     
1539492716          49.27     49.27     
1539492758          49.31     49.31     
1539492800          49.29     49.29     
1539492842          49.32     49.32     
1539492884          49.30     49.30     
1539492926          49.31     49.31     
1539492968          49.29     49.29     
1539493010          49.31     49.31     
1539493052          49.30     49.30     
1539493094          49.32     49.32     
1539493136          49.31     49.31     
1539493178          49.30     49.30     
1539493220          49.31     49.31     
1539493262          49.27     49.27     
1539493304          49.30     49.30     
1539493346          49.26     49.26     
1539493388          49.27     49.27     
1539493430          49.26     49.26     
1539493473          49.23     49.23     
1539493515          49.25     49.25     
1539493557          49.21     49.21     
1539493599          49.24     49.24     
1539493641          49.20     49.20     
1539493683          49.20     49.20     
1539493725          49.17     49.17     
1539493767          49.14     49.14     
1539493809          49.14     49.14     
1539493851          49.10     49.10     
1539493893          49.11     49.11     
1539493935          49.07     49.07     
1539493977          49.07     49.07     
1539494019          49.05     49.05     
1539494061          49.02     49.02     
1539494103          49.01     49.01     
1539494145          49.00     49.00     
1539494187          49.01     49.01     
1539494229          48.97     48.97     
1539494271          48.99     48.99     
1539494313          48.93     48.93     
1539494355          48.95     48.95     
1539494397          48.92     48.92     
1539494439          48.93     48.93     
1539494482          48.91     48.91     
1539494524          48.89     48.89     
1539494566          48.89     48.89     
1539494608          48.87     48.87     
1539494650          48.87     48.87     
1539494692          48.85     48.85     
1539494734          48.86     48.86     
1539494776          48.81     48.81     
1539494818          48.84     48.84     
1539494860          48.80     48.80     
1539494902          48.80     48.80     
1539494944          48.79     48.79     
1539494986          48.81     48.81     
1539495028          48.80     48.80     
1539495070          48.82     48.82     
1539495112          48.82     48.82     
1539495154          48.81     48.81     
1539495196          48.84     48.84     
1539495238          48.85     48.85     
1539495280          48.91     48.91     
1539495322          48.90     48.90     
1539495364          48.95     48.95     
1539495406          48.91     48.91     
1539495448          48.92     48.92     
1539495490          48.89     48.89     
1539495533          48.91     48.91     
1539495575          48.88     48.88     
1539495617          48.89     48.89     
1539495659          48.87     48.87     
1539495701          48.87     48.87     
1539495743          48.86     48.86     
1539495785          48.84     48.84     
1539495827          48.83     48.83     
1539495869          48.80     48.80     
1539495911          48.82     48.82     
1539495953          48.77     48.77     
1539495995          48.81     48.81     
1539496037          48.77     48.77     
1539496079          48.79     48.79     
1539496121          48.75     48.75     
1539496163          48.77     48.77     
1539496205          48.74     48.74     
1539496247          48.77     48.77     
1539496289          48.75     48.75     
1539496331          48.77     48.77     
1539496373          48.76     48.76     
1539496415          48.74     48.74     
1539496457          48.76     48.76     
1539496499          48.73     48.73     
1539496541          48.76     48.76     
1539496584          48.73     48.73     
1539496626          48.76     48.76     
1539496668          48.72     48.72     
1539496710          48.76     48.76     
1539496752          48.72     48.72     
1539496794          48.74     48.74     
1539496836          48.69     48.69     
1539496878          48.72     48.72     
1539496920          48.71     48.71     
1539496962          48.73     48.73     
1539497004          48.71     48.71     
1539497046          48.72     48.72     
1539497088          48.70     48.70     
1539497130          48.71     48.71     
1539497172          48.72     48.72     
1539497214          48.71     48.71     
1539497256          48.72     48.72     
1539497298          48.70     48.70     
1539497340          48.73     48.73     
1539497382          48.70     48.70     
1539497424          48.72     48.72     
1539497466          48.71     48.71     
1539497509          48.74     48.74     
1539497551          48.73     48.73     
1539497593          48.73     48.73     
1539497635          48.70     48.70     
1539497677          48.71     48.71     
1539497719          48.69     48.69     
1539497761          48.70     48.70     
1539497803          48.72     48.72     
1539497845          48.70     48.70     
1539497887          48.71     48.71     
1539497929          48.71     48.71     
1539497971          48.72     48.72     
1539498013          48.72     48.72     
1539498055          48.74     48.74     
1539498097          48.72     48.72     
1539498139          48.76     48.76     
1539498181          48.68     48.68     
1539498223          48.76     48.76     
1539498265          48.74     48.74     
1539498307          48.77     48.77     
1539498349          48.76     48.76     
1539498391          48.72     48.72     
1539498433          48.71     48.71     
1539498475          48.69     48.69     
1539498517          48.72     48.72     
1539498560          48.71     48.71     
1539498602          48.73     48.73     
1539498644          48.70     48.70     
1539498686          48.67     48.67     
1539498728          48.70     48.70     
1539498770          48.73     48.73     
1539498812          48.72     48.72     
1539498854          48.70     48.70     
1539498896          48.72     48.72     
1539498938          48.71     48.71     
1539498980          48.72     48.72     
1539499022          48.71     48.71     
1539499064          48.73     48.73     
1539499106          48.70     48.70     
1539499148          48.73     48.73     
1539499190          48.70     48.70     
1539499232          48.74     48.74     
1539499274          48.70     48.70     
1539499316          48.73     48.73     
1539499358          48.71     48.71     
1539499400          48.70     48.70     
1539499442          48.72     48.72     
1539499484          48.69     48.69     
1539499526          48.70     48.70     
1539499569          48.70     48.70     
1539499611          48.69     48.69     
1539499653          48.66     48.66     
1539499695          48.61     48.61     
1539499737          48.65     48.65     
1539499779          48.68     48.68     
1539499821          48.66     48.66     
1539499863          48.67     48.67     
1539499905          48.65     48.65     
1539499947          48.63     48.63     
1539499989          48.64     48.64     
1539500031          48.64     48.64     
1539500073          48.63     48.63     
1539500115          48.65     48.65     
1539500157          48.63     48.63     
1539500199          48.63     48.63     
1539500241          48.64     48.64     
1539500283          48.57     48.57     
1539500325          48.60     48.60     
1539500367          48.58     48.58     
1539500409          48.61     48.61     
1539500451          48.59     48.59     
1539500493          48.62     48.62     
1539500535          48.58     48.58     
1539500578          48.59     48.59     
1539500620          48.58     48.58     
1539500662          48.57     48.57     
1539500704          48.53     48.53     
1539500746          48.55     48.55     
1539500788          48.54     48.54     
1539500830          48.54     48.54     
1539500872          48.54     48.54     
1539500914          48.52     48.52     
1539500956          48.53     48.53     
1539500998          48.51     48.51     
1539501040          48.53     48.53     
1539501082          48.52     48.52     
1539501124          48.53     48.53     
1539501166          48.52     48.52     
1539501208          48.52     48.52     
1539501250          48.53     48.53     
1539501292          48.52     48.52     
1539501334          48.55     48.55     
1539501376          48.53     48.53     
1539501418          48.51     48.51     
1539501460          48.53     48.53     
1539501502          48.55     48.55     
1539501545          48.57     48.57     
1539501587          48.59     48.59     
1539501629          48.49     48.49     
1539501671          48.54     48.54     
1539501713          48.57     48.57     
1539501755          48.55     48.55     
1539501797          48.57     48.57     
1539501839          48.55     48.55     
1539501881          48.55     48.55     
1539501923          48.55     48.55     
1539501965          48.53     48.53     
1539502007          48.54     48.54     
1539502049          48.50     48.50     
1539502091          48.53     48.53     
1539502133          48.53     48.53     
1539502175          48.52     48.52     
1539502217          48.52     48.52     
1539502259          48.50     48.50     
1539502301          48.51     48.51     
1539502343          48.49     48.49     
1539502385          48.49     48.49     
1539502427          48.49     48.49     
1539502469          48.47     48.47     
1539502511          48.50     48.50     
1539502553          48.51     48.51     
1539502596          48.52     48.52     
1539502638          48.55     48.55     
1539502680          48.59     48.59     
1539502722          48.58     48.58     
1539502764          48.60     48.60     
1539502806          48.57     48.57     
1539502848          48.60     48.60     
1539502890          48.59     48.59     
1539502932          48.60     48.60     
1539502974          48.61     48.61     
1539503016          48.64     48.64     
1539503058          48.65     48.65     
1539503100          48.65     48.65     
1539503142          48.65     48.65     
1539503184          48.64     48.64     
1539503226          48.63     48.63     
1539503268          48.62     48.62     
1539503310          48.62     48.62     
1539503352          48.61     48.61     
1539503394          48.61     48.61     
1539503436          48.60     48.60     
1539503478          48.60     48.60     
1539503520          48.58     48.58     
1539503562          48.59     48.59     
1539503605          48.56     48.56     
1539503647          48.57     48.57     
1539503689          48.56     48.56     
1539503731          48.56     48.56     
1539503773          48.56     48.56     
1539503815          48.55     48.55     
1539503857          48.57     48.57     
1539503899          48.55     48.55     
1539503941          48.56     48.56     
1539503983          48.55     48.55     
1539504025          48.55     48.55     
1539504067          48.54     48.54     
1539504109          48.55     48.55     
1539504151          48.55     48.55     
1539504193          48.56     48.56     
1539504235          48.52     48.52     
1539504277          48.53     48.53     
1539504319          48.52     48.52     
1539504361          48.53     48.53     
1539504403          48.54     48.54     
1539504445          48.55     48.55     
1539504487          48.58     48.58     
1539504529          48.52     48.52     
1539504571          48.60     48.60     
1539504614          48.64     48.64     
1539504656          48.68     48.68     
1539504698          48.66     48.66     
1539504740          48.66     48.66     
1539504782          48.66     48.66     
1539504824          48.64     48.64     
1539504866          48.65     48.65     
1539504908          48.59     48.59     
1539504950          48.62     48.62     
1539504992          48.62     48.62     
1539505034          48.64     48.64     
1539505076          48.64     48.64     
1539505118          48.66     48.66     
1539505160          48.67     48.67     
1539505202          48.69     48.69     
1539505244          48.70     48.70     
1539505286          48.72     48.72     
1539505328          48.72     48.72     
1539505370          48.73     48.73     
1539505412          48.75     48.75     
1539505454          48.75     48.75     
1539505496          48.72     48.72     
1539505538          48.72     48.72     
1539505581          48.72     48.72     
1539505623          48.73     48.73     
1539505665          48.74     48.74     
1539505707          48.75     48.75     
1539505749          48.74     48.74     
1539505791          48.74     48.74     
1539505833          48.73     48.73     
1539505875          48.73     48.73     
1539505917          48.73     48.73     
1539505959          48.73     48.73     
1539506001          48.73     48.73     
1539506043          48.70     48.70     
1539506085          48.72     48.72     
1539506127          48.66     48.66     
1539506169          48.69     48.69     
1539506211          48.72     48.72     
1539506253          48.72     48.72     
1539506295          48.71     48.71     
1539506337          48.68     48.68     
1539506379          48.73     48.73     
1539506421          48.73     48.73     
1539506463          48.72     48.72     
1539506505          48.69     48.69     
1539506547          48.73     48.73     
1539506589          48.74     48.74     
1539506631          48.74     48.74     
1539506673          48.75     48.75     
1539506716          48.75     48.75     
1539506758          48.75     48.75     
1539506800          48.76     48.76     
1539506842          48.77     48.77     
1539506884          48.76     48.76     
1539506926          48.77     48.77     
1539506968          48.77     48.77     
1539507010          48.78     48.78     
1539507052          48.78     48.78     
1539507094          48.79     48.79     
1539507136          48.80     48.80     
1539507178          48.76     48.76     
1539507220          48.79     48.79     
1539507262          48.81     48.81     
1539507304          48.82     48.82     
1539507346          48.83     48.83     
1539507388          48.83     48.83     
1539507430          48.83     48.83     
1539507472          48.81     48.81     
1539507514          48.80     48.80     
1539507556          48.80     48.80     
1539507598          48.79     48.79     
1539507640          48.79     48.79     
1539507682          48.77     48.77     
1539507725          48.77     48.77     
1539507767          48.77     48.77     
1539507809          48.77     48.77     
1539507851          48.78     48.78     
1539507893          48.78     48.78     
1539507935          48.78     48.78     
1539507977          48.79     48.79     
1539508019          48.79     48.79     
1539508061          48.78     48.78     
1539508103          48.79     48.79     
1539508145          48.79     48.79     
1539508187          48.81     48.81     
1539508229          48.80     48.80     
1539508271          48.79     48.79     
1539508313          48.79     48.79     
1539508355          48.75     48.75     
1539508397          48.75     48.75     
1539508439          48.70     48.70     
1539508481          48.71     48.71     
1539508523          48.70     48.70     
1539508565          48.65     48.65     
1539508607          48.69     48.69     
1539508649          48.73     48.73     
1539508691          48.73     48.73     
1539508733          48.75     48.75     
1539508776          48.77     48.77     
1539508818          48.77     48.77     
1539508860          48.78     48.78     
1539508902          48.78     48.78     
1539508944          48.80     48.80     
1539508986          48.81     48.81     
1539509028          48.82     48.82     
1539509070          48.82     48.82     
1539509112          48.84     48.84     
1539509154          48.84     48.84     
1539509196          48.84     48.84     
1539509238          48.84     48.84     
1539509280          48.78     48.78     
1539509322          48.82     48.82     
1539509364          48.83     48.83     
1539509406          48.86     48.86     
1539509448          48.86     48.86     
1539509490          48.87     48.87     
1539509532          48.88     48.88     
1539509574          48.88     48.88     
1539509616          48.89     48.89     
1539509658          48.89     48.89     
1539509700          48.90     48.90     
1539509742          48.86     48.86     
1539509785          48.87     48.87     
1539509827          48.83     48.83     
1539509869          48.83     48.83     
1539509911          48.81     48.81     
1539509953          48.80     48.80     
1539509995          48.78     48.78     
1539510037          48.77     48.77     
1539510079          48.78     48.78     
1539510121          48.77     48.77     
1539510163          48.77     48.77     
1539510205          48.75     48.75     
1539510247          48.70     48.70     
1539510289          48.73     48.73     
1539510331          48.75     48.75     
1539510373          48.75     48.75     
1539510415          48.76     48.76     
1539510457          48.75     48.75     
1539510499          48.76     48.76     
1539510541          48.75     48.75     
1539510583          48.76     48.76     
1539510625          48.76     48.76     
1539510667          48.77     48.77     
1539510709          48.77     48.77     
1539510751          48.77     48.77     
1539510793          48.78     48.78     
1539510835          48.78     48.78     
1539510878          48.78     48.78     
1539510920          48.78     48.78     
1539510962          48.78     48.78     
1539511004          48.80     48.80     
1539511046          48.79     48.79     
1539511088          48.80     48.80     
1539511130          48.78     48.78     
1539511172          48.81     48.81     
1539511214          48.80     48.80     
1539511256          48.82     48.82     
1539511298          48.83     48.83     
1539511340          48.83     48.83     
1539511382          48.82     48.82     
1539511424          48.80     48.80     
1539511466          48.82     48.82     
1539511508          48.78     48.78     
1539511550          48.83     48.83     
1539511592          48.83     48.83     
1539511634          48.85     48.85     
1539511676          48.87     48.87     
1539511718          48.87     48.87     
1539511760          48.87     48.87     
1539511802          48.85     48.85     
1539511844          48.88     48.88     
1539511886          48.86     48.86     
1539511929          48.88     48.88     
1539511971          48.89     48.89     
1539512013          48.88     48.88     
1539512055          48.89     48.89     
1539512097          48.86     48.86     
1539512139          48.89     48.89     
1539512181          48.88     48.88     
1539512223          48.87     48.87     
1539512265          48.90     48.90     
1539512307          48.93     48.93     
1539512349          48.93     48.93     
1539512391          48.96     48.96     
1539512433          48.97     48.97     
1539512475          48.97     48.97     
1539512517          49.00     49.00     
1539512559          48.99     48.99     
1539512601          49.05     49.05     
1539512643          49.05     49.05     
1539512685          49.08     49.08     
1539512727          49.10     49.10     
1539512769          49.11     49.11     
1539512811          49.09     49.09     
1539512853          49.10     49.10     
1539512895          49.09     49.09     
1539512937          49.05     49.05     
1539512979          49.08     49.08     
1539513022          49.07     49.07     
1539513064          49.08     49.08     
1539513106          49.07     49.07     
1539513148          49.08     49.08     
1539513190          49.08     49.08     
1539513232          49.08     49.08     
1539513274          49.08     49.08     
1539513316          49.09     49.09     
1539513358          49.09     49.09     
1539513400          49.09     49.09     
1539513442          49.09     49.09     
1539513484          49.08     49.08     
1539513526          49.08     49.08     
1539513568          49.08     49.08     
1539513610          49.06     49.06     
1539513652          49.07     49.07     
1539513694          49.05     49.05     
1539513736          49.08     49.08     
1539513778          49.08     49.08     
1539513820          49.07     49.07     
1539513862          49.10     49.10     
1539513904          49.10     49.10     
1539513946          49.07     49.07     
1539513988          49.04     49.04     
1539514031          49.07     49.07     
1539514073          49.08     49.08     
1539514115          49.08     49.08     
1539514157          49.10     49.10     
1539514199          49.11     49.11     
1539514241          49.11     49.11     
1539514283          49.11     49.11     
1539514325          49.11     49.11     
1539514367          49.12     49.12     
1539514409          49.11     49.11     
1539514451          49.14     49.14     
1539514493          49.14     49.14     
1539514535          49.14     49.14     
1539514577          49.15     49.15     
1539514619          49.14     49.14     
1539514661          49.15     49.15     
1539514703          49.15     49.15     
1539514745          49.15     49.15     
1539514787          49.16     49.16     
1539514829          49.15     49.15     
1539514871          49.15     49.15     
1539514913          49.16     49.16     
1539514955          49.15     49.15     
1539514997          49.16     49.16     
1539515040          49.16     49.16     
1539515082          49.16     49.16     
1539515124          49.16     49.16     
1539515166          49.17     49.17     
1539515208          49.17     49.17     
1539515250          49.18     49.18     
1539515292          49.19     49.19     
1539515334          49.19     49.19     
1539515376          49.19     49.19     
1539515418          49.19     49.19     
1539515460          49.20     49.20     
1539515502          49.20     49.20     
1539515544          49.20     49.20     
1539515586          49.20     49.20     
1539515628          49.20     49.20     
1539515670          49.20     49.20     
1539515712          49.20     49.20     
1539515754          49.18     49.18     
1539515796          49.21     49.21     
1539515838          49.22     49.22     
1539515880          49.21     49.21     
1539515922          49.24     49.24     
1539515964          49.26     49.26     
1539516007          49.26     49.26     
1539516049          49.26     49.26     
1539516091          49.26     49.26     
1539516133          49.26     49.26     
1539516175          49.27     49.27     
1539516217          49.28     49.28     
1539516259          49.28     49.28     
1539516301          49.28     49.28     
1539516343          49.30     49.30     
1539516385          49.30     49.30     
1539516427          49.30     49.30     
1539516469          49.31     49.31     
1539516511          49.32     49.32     
1539516553          49.32     49.32     
1539516595          49.33     49.33     
1539516637          49.33     49.33     
1539516679          49.33     49.33     
1539516721          49.32     49.32     
1539516763          49.30     49.30     
1539516805          49.25     49.25     
1539516847          49.27     49.27     
1539516889          49.29     49.29     
1539516931          49.29     49.29     
1539516974          49.28     49.28     
1539517016          49.30     49.30     
1539517058          49.31     49.31     
1539517100          49.32     49.32     
1539517142          49.30     49.30     
1539517184          49.34     49.34     
1539517226          49.35     49.35     
1539517268          49.35     49.35     
1539517310          49.35     49.35     
1539517352          49.35     49.35     
1539517394          49.36     49.36     
1539517436          49.37     49.37     
1539517478          49.37     49.37     
1539517520          49.38     49.38     
1539517562          49.39     49.39     
1539517604          49.41     49.41     
1539517646          49.41     49.41     
1539517688          49.41     49.41     
1539517730          49.42     49.42     
1539517772          49.43     49.43     
1539517814          49.44     49.44     
1539517856          49.44     49.44     
1539517898          49.45     49.45     
1539517940          49.45     49.45     
1539517982          49.46     49.46     
1539518024          49.46     49.46     
1539518067          49.45     49.45     
1539518109          49.45     49.45     
1539518151          49.44     49.44     
1539518193          49.44     49.44     
1539518235          49.40     49.40     
1539518277          49.43     49.43     
1539518319          49.44     49.44     
1539518361          49.44     49.44     
1539518403          49.44     49.44     
1539518445          49.43     49.43     
1539518487          49.43     49.43     
1539518529          49.43     49.43     
1539518571          49.43     49.43     
1539518613          49.43     49.43     
1539518655          49.43     49.43     
1539518697          49.43     49.43     
1539518739          49.43     49.43     
1539518781          49.43     49.43     
1539518823          49.43     49.43     
1539518865          49.43     49.43     
1539518907          49.43     49.43     
1539518949          49.43     49.43     
1539518991          49.43     49.43     
1539519033          49.43     49.43     
1539519076          49.43     49.43     
1539519118          49.43     49.43     
1539519160          49.42     49.42     
1539519202          49.43     49.43     
1539519244          49.43     49.43     
1539519286          49.44     49.44     
1539519328          49.45     49.45     
1539519370          49.47     49.47     
1539519412          49.48     49.48     
1539519454          49.48     49.48     
1539519496          49.48     49.48     
1539519538          49.49     49.49     
1539519580          49.49     49.49     
1539519622          49.50     49.50     
1539519664          49.50     49.50     
1539519706          49.50     49.50     
1539519748          49.51     49.51     
1539519790          49.51     49.51     
1539519832          49.52     49.52     
1539519874          49.51     49.51     
1539519916          49.51     49.51     
1539519958          49.50     49.50     
1539520001          49.51     49.51     
1539520043          49.51     49.51     
1539520085          49.50     49.50     
1539520127          49.51     49.51     
1539520169          49.51     49.51     
1539520211          49.50     49.50     
1539520253          49.52     49.52     
1539520295          49.51     49.51     
1539520337          49.53     49.53     
1539520379          49.54     49.54     
1539520421          49.54     49.54     
1539520463          49.54     49.54     
1539520505          49.55     49.55     
1539520547          49.54     49.54     
1539520589          49.54     49.54     
1539520631          49.54     49.54     
1539520673          49.56     49.56     
1539520715          49.59     49.59     
1539520757          49.61     49.61     
1539520799          49.62     49.62     
1539520841          49.62     49.62     
1539520883          49.61     49.61     
1539520925          49.61     49.61     
1539520967          49.60     49.60     
1539521010          49.60     49.60     
1539521052          49.62     49.62     
1539521094          49.63     49.63     
1539521136          49.64     49.64     
1539521178          49.65     49.65     
1539521220          49.66     49.66     
1539521262          49.66     49.66     
1539521304          49.66     49.66     
1539521346          49.66     49.66     
1539521388          49.67     49.67     
1539521430          49.68     49.68     
1539521472          49.68     49.68     
1539521514          49.67     49.67     
1539521556          49.67     49.67     
1539521598          49.68     49.68     
1539521640          49.68     49.68     
1539521682          49.68     49.68     
1539521724          49.69     49.69     
1539521766          49.69     49.69     
1539521808          49.69     49.69     
1539521850          49.68     49.68     
1539521892          49.68     49.68     
1539521934          49.69     49.69     
1539521976          49.66     49.66     
1539522019          49.68     49.68     
1539522061          49.68     49.68     
1539522103          49.68     49.68     
1539522145          49.66     49.66     
1539522187          49.67     49.67     
1539522229          49.67     49.67     
1539522271          49.65     49.65     
1539522313          49.65     49.65     
1539522355          49.62     49.62     
1539522397          49.62     49.62     
1539522439          49.62     49.62     
1539522481          49.59     49.59     
1539522523          49.59     49.59     
1539522565          49.59     49.59     
1539522607          49.59     49.59     
1539522649          49.59     49.59     
1539522691          49.58     49.58     
1539522733          49.58     49.58     
1539522775          49.57     49.57     
1539522817          49.56     49.56     
1539522859          49.56     49.56     
1539522901          49.55     49.55     
1539522943          49.55     49.55     
1539522985          49.55     49.55     
1539523028          49.51     49.51     
1539523070          49.55     49.55     
1539523112          49.56     49.56     
1539523154          49.56     49.56     
1539523196          49.57     49.57     
1539523238          49.57     49.57     
1539523280          49.58     49.58     
1539523322          49.58     49.58     
1539523364          49.57     49.57     
1539523406          49.55     49.55     
1539523448          49.58     49.58     
1539523490          49.57     49.57     
1539523532          49.57     49.57     
1539523574          49.58     49.58     
1539523616          49.58     49.58     
1539523658          49.59     49.59     
1539523700          49.59     49.59     
1539523742          49.59     49.59     
1539523784          49.59     49.59     
1539523826          49.58     49.58     
1539523868          49.58     49.58     
1539523910          49.57     49.57     
1539523952          49.58     49.58     
1539523994          49.58     49.58     
1539524037          49.57     49.57     
1539524079          49.56     49.56     
1539524121          49.56     49.56     
1539524163          49.56     49.56     
1539524205          49.58     49.58     
1539524247          49.60     49.60     
1539524289          49.63     49.63     
1539524331          49.65     49.65     
1539524373          49.68     49.68     
1539524415          49.70     49.70     
1539524457          49.72     49.72     
1539524499          49.73     49.73     
1539524541          49.71     49.71     
1539524583          49.69     49.69     
1539524625          49.67     49.67     
1539524667          49.65     49.65     
1539524709          49.63     49.63     
1539524751          49.60     49.60     
1539524793          49.60     49.60     
1539524835          49.59     49.59     
1539524877          49.59     49.59     
1539524919          49.58     49.58     
1539524961          49.58     49.58     
1539525004          49.57     49.57     
1539525046          49.56     49.56     
1539525088          49.53     49.53     
1539525130          49.54     49.54     
1539525172          49.53     49.53     
1539525214          49.54     49.54     
1539525256          49.53     49.53     
1539525298          49.53     49.53     
1539525340          49.53     49.53     
1539525382          49.52     49.52     
1539525424          49.51     49.51     
1539525466          49.51     49.51     
1539525508          49.49     49.49     
1539525551          49.49     49.49     
1539525593          49.50     49.50     
1539525635          49.48     49.48     
1539525677          49.53     49.53     
1539525719          49.54     49.54     
1539525761          49.53     49.53     
1539525803          49.54     49.54     
1539525845          49.54     49.54     
1539525887          49.55     49.55     
1539525929          49.55     49.55     
1539525971          49.55     49.55     
1539526013          49.55     49.55     
1539526055          49.55     49.55     
1539526097          49.55     49.55     
1539526139          49.55     49.55     
1539526181          49.54     49.54     
1539526224          49.55     49.55     
1539526266          49.55     49.55     
1539526308          49.55     49.55     
1539526350          49.56     49.56     
1539526392          49.56     49.56     
1539526434          49.56     49.56     
1539526476          49.54     49.54     
1539526518          49.55     49.55     
1539526560          49.55     49.55     
1539526602          49.56     49.56     
1539526644          49.57     49.57     
1539526686          49.56     49.56     
1539526728          49.56     49.56     
1539526770          49.56     49.56     
1539526812          49.56     49.56     
1539526854          49.56     49.56     
1539526896          49.57     49.57     
1539526938          49.58     49.58     
1539526980          49.54     49.54     
1539527022          49.57     49.57     
1539527064          49.59     49.59     
1539527106          49.59     49.59     
1539527148          49.58     49.58     
1539527190          49.58     49.58     
1539527233          49.57     49.57     
1539527275          49.56     49.56     
1539527317          49.56     49.56     
1539527359          49.56     49.56     
1539527401          49.55     49.55     
1539527443          49.55     49.55     
1539527485          49.55     49.55     
1539527527          49.54     49.54     
1539527569          49.54     49.54     
1539527611          49.53     49.53     
1539527653          49.54     49.54     
1539527695          49.53     49.53     
1539527737          49.53     49.53     
1539527779          49.52     49.52     
1539527821          49.52     49.52     
1539527863          49.51     49.51     
1539527905          49.50     49.50     
1539527947          49.50     49.50     
1539527989          49.50     49.50     
1539528031          49.50     49.50     
1539528073          49.50     49.50     
1539528115          49.50     49.50     
1539528157          49.50     49.50     
1539528199          49.51     49.51     
1539528242          49.51     49.51     
1539528284          49.51     49.51     
1539528326          49.51     49.51     
1539528368          49.51     49.51     
1539528410          49.52     49.52     
1539528452          49.52     49.52     
1539528494          49.52     49.52     
1539528536          49.52     49.52     
1539528578          49.51     49.51     
1539528620          49.51     49.51     
1539528662          49.50     49.50     
1539528704          49.50     49.50     
1539528746          49.50     49.50     
1539528788          49.50     49.50     
1539528830          49.50     49.50     
1539528872          49.50     49.50     
1539528914          49.50     49.50     
1539528956          49.50     49.50     
1539528998          49.49     49.49     
1539529040          49.49     49.49     
1539529082          49.49     49.49     
1539529124          49.49     49.49     
1539529167          49.51     49.51     
1539529209          49.52     49.52     
1539529251          49.53     49.53     
1539529293          49.54     49.54     
1539529335          49.54     49.54     
1539529377          49.54     49.54     
1539529419          49.54     49.54     
1539529461          49.53     49.53     
1539529503          49.53     49.53     
1539529545          49.52     49.52     
1539529587          49.52     49.52     
1539529629          49.52     49.52     
1539529671          49.52     49.52     
1539529713          49.52     49.52     
1539529755          49.51     49.51     
1539529797          49.50     49.50     
1539529839          49.49     49.49     
1539529881          49.49     49.49     
1539529923          49.48     49.48     
1539529965          49.47     49.47     
1539530007          49.48     49.48     
1539530049          49.49     49.49     
1539530091          49.51     49.51     
1539530133          49.52     49.52     
1539530176          49.54     49.54     
1539530218          49.55     49.55     
1539530260          49.56     49.56     
1539530302          49.55     49.55     
1539530344          49.55     49.55     
1539530386          49.53     49.53     
1539530428          49.52     49.52     
1539530470          49.51     49.51     
1539530512          49.50     49.50     
1539530554          49.51     49.51     
1539530596          49.52     49.52     
1539530638          49.52     49.52     
1539530680          49.51     49.51     
1539530722          49.50     49.50     
1539530764          49.49     49.49     
1539530806          49.50     49.50     
1539530848          49.51     49.51     
1539530890          49.50     49.50     
1539530932          49.50     49.50     
1539530974          49.50     49.50     
1539531016          49.50     49.50     
1539531058          49.52     49.52     
1539531100          49.52     49.52     
1539531143          49.52     49.52     
1539531185          49.50     49.50     
1539531227          49.53     49.53     
1539531269          49.53     49.53     
1539531311          49.54     49.54     
1539531353          49.54     49.54     
1539531395          49.55     49.55     
1539531437          49.55     49.55     
1539531479          49.53     49.53     
1539531521          49.53     49.53     
1539531563          49.53     49.53     
1539531605          49.52     49.52     
1539531647          49.49     49.49     
1539531689          49.50     49.50     
1539531731          49.49     49.49     
1539531773          49.48     49.48     
1539531815          49.48     49.48     
1539531857          49.46     49.46     
1539531899          49.47     49.47     
1539531941          49.46     49.46     
1539531983          49.46     49.46     
1539532025          49.48     49.48     
1539532067          49.48     49.48     
1539532109          49.46     49.46     
1539532151          49.47     49.47     
1539532193          49.47     49.47     
1539532236          49.48     49.48     
1539532278          49.48     49.48     
1539532320          49.48     49.48     
1539532362          49.47     49.47     
1539532404          49.47     49.47     
1539532446          49.46     49.46     
1539532488          49.45     49.45     
1539532530          49.45     49.45     
1539532572          49.44     49.44     
1539532614          49.42     49.42     
1539532656          49.44     49.44     
1539532698          49.45     49.45     
1539532740          49.45     49.45     
1539532783          49.44     49.44     
1539532825          49.44     49.44     
1539532867          49.43     49.43     
1539532909          49.42     49.42     
1539532951          49.42     49.42     
1539532993          49.43     49.43     
1539533035          49.42     49.42     
1539533077          49.41     49.41     
1539533119          49.41     49.41     
1539533161          49.40     49.40     
1539533203          49.38     49.38     
1539533245          49.38     49.38     
1539533287          49.36     49.36     
1539533329          49.38     49.38     
1539533371          49.38     49.38     
1539533413          49.37     49.37     
1539533455          49.37     49.37     
1539533497          49.40     49.40     
1539533539          49.44     49.44     
1539533581          49.47     49.47     
1539533624          49.47     49.47     
1539533666          49.45     49.45     
1539533708          49.44     49.44     
1539533750          49.42     49.42     
1539533792          49.40     49.40     
1539533834          49.39     49.39     
1539533876          49.38     49.38     
1539533918          49.37     49.37     
1539533960          49.36     49.36     
1539534002          49.37     49.37     
1539534044          49.37     49.37     
1539534086          49.37     49.37     
1539534128          49.39     49.39     
1539534170          49.41     49.41     
1539534212          49.41     49.41     
1539534254          49.41     49.41     
1539534296          49.41     49.41     
1539534338          49.40     49.40     
1539534380          49.42     49.42     
1539534422          49.42     49.42     
1539534464          49.41     49.41     
1539534506          49.39     49.39     
1539534548          49.39     49.39     
1539534590          49.38     49.38     
1539534633          49.37     49.37     
1539534675          49.36     49.36     
1539534717          49.36     49.36     
1539534759          49.36     49.36     
1539534801          49.36     49.36     
1539534843          49.36     49.36     
1539534885          49.35     49.35     
1539534927          49.35     49.35     
1539534969          49.34     49.34     
1539535011          49.33     49.33     
1539535053          49.32     49.32     
1539535095          49.32     49.32     
1539535137          49.31     49.31     
1539535179          49.31     49.31     
1539535221          49.30     49.30     
1539535263          49.29     49.29     
1539535305          49.28     49.28     
1539535347          49.28     49.28     
1539535389          49.29     49.29     
1539535431          49.29     49.29     
1539535473          49.30     49.30     
1539535515          49.30     49.30     
1539535557          49.29     49.29     
1539535599          49.31     49.31     
1539535642          49.31     49.31     
1539535684          49.31     49.31     
1539535726          49.31     49.31     
1539535768          49.31     49.31     
1539535810          49.31     49.31     
1539535852          49.31     49.31     
1539535894          49.31     49.31     
1539535936          49.31     49.31     
1539535978          49.31     49.31     
1539536020          49.32     49.32     
1539536062          49.31     49.31     
1539536104          49.30     49.30     
1539536146          49.30     49.30     
1539536188          49.30     49.30     
1539536230          49.30     49.30     
1539536272          49.30     49.30     
1539536314          49.30     49.30     
1539536356          49.31     49.31     
1539536398          49.31     49.31     
1539536440          49.32     49.32     
1539536482          49.33     49.33     
1539536524          49.33     49.33     
1539536567          49.33     49.33     
1539536609          49.34     49.34     
1539536651          49.34     49.34     
1539536693          49.35     49.35     
1539536735          49.36     49.36     
1539536777          49.36     49.36     
1539536819          49.37     49.37     
1539536861          49.38     49.38     
1539536903          49.39     49.39     
1539536945          49.42     49.42     
1539536987          49.43     49.43     
1539537029          49.45     49.45     
1539537071          49.46     49.46     
1539537113          49.45     49.45     
1539537155          49.46     49.46     
1539537197          49.46     49.46     
1539537239          49.47     49.47     
1539537281          49.48     49.48     
1539537323          49.49     49.49     
1539537365          49.47     49.47     
1539537407          49.50     49.50     
1539537449          49.50     49.50     
1539537491          49.49     49.49     
1539537533          49.49     49.49     
1539537575          49.49     49.49     
1539537618          49.47     49.47     
1539537660          49.45     49.45     
1539537702          49.46     49.46     
1539537744          49.45     49.45     
1539537786          49.44     49.44     
1539537828          49.44     49.44     
1539537870          49.42     49.42     
1539537912          49.41     49.41     
1539537954          49.40     49.40     
1539537996          49.39     49.39     
1539538038          49.38     49.38     
1539538080          49.37     49.37     
1539538122          49.37     49.37     
1539538164          49.36     49.36     
1539538206          49.35     49.35     
1539538248          49.34     49.34     
1539538290          49.33     49.33     
1539538332          49.33     49.33     
1539538374          49.33     49.33     
1539538416          49.33     49.33     
1539538458          49.33     49.33     
1539538500          49.33     49.33     
1539538542          49.33     49.33     
1539538584          49.33     49.33     
1539538627          49.33     49.33     
1539538669          49.32     49.32     
1539538711          49.32     49.32     
1539538753          49.31     49.31     
1539538795          49.32     49.32     
1539538837          49.31     49.31     
1539538879          49.30     49.30     
1539538921          49.30     49.30     
1539538963          49.24     49.24     
1539539005          49.30     49.30     
1539539047          49.28     49.28     
1539539089          49.29     49.29     
1539539131          49.29     49.29     
1539539173          49.28     49.28     
1539539215          49.25     49.25     
1539539257          49.29     49.29     
1539539299          49.27     49.27     
1539539341          49.29     49.29     
1539539383          49.29     49.29     
1539539425          49.30     49.30     
1539539467          49.29     49.29     
1539539509          49.29     49.29     
1539539551          49.28     49.28     
1539539593          49.29     49.29     
1539539636          49.29     49.29     
1539539678          49.26     49.26     
1539539720          49.29     49.29     
1539539762          49.29     49.29     
1539539804          49.30     49.30     
1539539846          49.26     49.26     
1539539888          49.28     49.28     
1539539930          49.29     49.29     
1539539972          49.29     49.29     
1539540014          49.30     49.30     
1539540056          49.30     49.30     
1539540098          49.30     49.30     
1539540140          49.30     49.30     
1539540182          49.31     49.31     
1539540224          49.31     49.31     
1539540266          49.31     49.31     
1539540308          49.31     49.31     
1539540350          49.31     49.31     
1539540392          49.32     49.32     
1539540434          49.32     49.32     
1539540476          49.32     49.32     
1539540518          49.33     49.33     
1539540560          49.34     49.34     
1539540602          49.29     49.29     
1539540645          49.34     49.34     
1539540687          49.34     49.34     
1539540729          49.35     49.35     
1539540771          49.35     49.35     
1539540813          49.34     49.34     
1539540855          49.35     49.35     
1539540897          49.35     49.35     
1539540939          49.35     49.35     
1539540981          49.35     49.35     
1539541023          49.35     49.35     
1539541065          49.36     49.36     
1539541107          49.36     49.36     
1539541149          49.36     49.36     
1539541191          49.37     49.37     
1539541233          49.37     49.37     
1539541275          49.38     49.38     
1539541317          49.38     49.38     
1539541359          49.39     49.39     
1539541401          49.37     49.37     
1539541443          49.39     49.39     
1539541485          49.39     49.39     
1539541527          49.39     49.39     
1539541569          49.39     49.39     
1539541611          49.39     49.39     
1539541653          49.40     49.40     
1539541696          49.40     49.40     
1539541738          49.40     49.40     
1539541780          49.40     49.40     
1539541822          49.41     49.41     
1539541864          49.41     49.41     
1539541906          49.41     49.41     
1539541948          49.41     49.41     
1539541990          49.41     49.41     
1539542032          49.41     49.41     
1539542074          49.41     49.41     
1539542116          49.42     49.42     
1539542158          49.42     49.42     
1539542200          49.42     49.42     
1539542242          49.44     49.44     
1539542284          49.44     49.44     
1539542326          49.45     49.45     
1539542368          49.44     49.44     
1539542410          49.37     49.37     
1539542452          49.44     49.44     
1539542494          49.47     49.47     
1539542536          49.48     49.48     
1539542578          49.48     49.48     
1539542620          49.48     49.48     
1539542663          49.51     49.51     
1539542705          49.50     49.50     
1539542747          49.50     49.50     
1539542789          49.50     49.50     
1539542831          49.50     49.50     
1539542873          49.51     49.51     
1539542915          49.51     49.51     
1539542957          49.52     49.52     
1539542999          49.52     49.52     
1539543041          49.52     49.52     
1539543083          49.53     49.53     
1539543125          49.54     49.54     
1539543167          49.54     49.54     
1539543209          49.55     49.55     
1539543251          49.55     49.55     
1539543293          49.55     49.55     
1539543335          49.54     49.54     
1539543377          49.55     49.55     
1539543419          49.54     49.54     
1539543461          49.55     49.55     
1539543503          49.56     49.56     
1539543545          49.57     49.57     
1539543587          49.57     49.57     
1539543629          49.56     49.56     
1539543671          49.56     49.56     
1539543714          49.55     49.55     
1539543756          49.55     49.55     
1539543798          49.55     49.55     
1539543840          49.54     49.54     
1539543882          49.53     49.53     
1539543924          49.54     49.54     
1539543966          49.53     49.53     
1539544008          49.53     49.53     
1539544050          49.53     49.53     
1539544092          49.54     49.54     
1539544134          49.54     49.54     
1539544176          49.55     49.55     
1539544218          49.55     49.55     
1539544260          49.55     49.55     
1539544302          49.55     49.55     
1539544344          49.55     49.55     
1539544386          49.55     49.55     
1539544428          49.54     49.54     
1539544470          49.55     49.55     
1539544512          49.55     49.55     
1539544554          49.55     49.55     
1539544596          49.55     49.55     
1539544638          49.55     49.55     
1539544680          49.55     49.55     
1539544722          49.55     49.55     
1539544765          49.55     49.55     
1539544807          49.55     49.55     
1539544849          49.55     49.55     
1539544891          49.56     49.56     
1539544933          49.54     49.54     
1539544975          49.56     49.56     
1539545017          49.56     49.56     
1539545059          49.56     49.56     
1539545101          49.56     49.56     
1539545143          49.55     49.55     
1539545185          49.54     49.54     
1539545227          49.54     49.54     
1539545269          49.53     49.53     
1539545311          49.54     49.54     
1539545353          49.54     49.54     
1539545395          49.53     49.53     
1539545437          49.54     49.54     
1539545479          49.55     49.55     
1539545521          49.56     49.56     
1539545563          49.55     49.55     
1539545605          49.56     49.56     
1539545647          49.56     49.56     
1539545689          49.56     49.56     
1539545731          49.57     49.57     
1539545774          49.57     49.57     
1539545816          49.57     49.57     
1539545858          49.58     49.58     
1539545900          49.58     49.58     
1539545942          49.59     49.59     
1539545984          49.59     49.59     
1539546026          49.60     49.60     
1539546068          49.61     49.61     
1539546110          49.62     49.62     
1539546152          49.62     49.62     
1539546194          49.62     49.62     
1539546236          49.62     49.62     
1539546278          49.60     49.60     
1539546320          49.61     49.61     
1539546362          49.60     49.60     
1539546404          49.60     49.60     
1539546446          49.60     49.60     
1539546488          49.58     49.58     
1539546530          49.60     49.60     
1539546572          49.58     49.58     
1539546614          49.59     49.59     
1539546656          49.58     49.58     
1539546699          49.57     49.57     
1539546741          49.58     49.58     
1539546783          49.59     49.59     
1539546825          49.59     49.59     
1539546867          49.58     49.58     
1539546909          49.58     49.58     
1539546951          49.60     49.60     
1539546993          49.62     49.62     
1539547035          49.65     49.65     
1539547077          49.67     49.67     
1539547119          49.69     49.69     
1539547161          49.74     49.74     
1539547203          49.80     49.80     
1539547245          49.84     49.84     
1539547287          49.88     49.88     
1539547329          49.92     49.92     
1539547371          49.95     49.95     
1539547413          49.97     49.97     
1539547455          49.99     49.99     
1539547497          50.01     50.01     
1539547539          50.03     50.03     
1539547581          50.04     50.04     
1539547623          50.05     50.05     
1539547666          50.06     50.06     
1539547708          50.07     50.07     
1539547750          50.08     50.08     
1539547792          50.09     50.09     
1539547834          50.09     50.09     
1539547876          50.10     50.10     
1539547918          50.08     50.08     
1539547960          50.11     50.11     
1539548002          50.11     50.11     
1539548044          50.11     50.11     
1539548086          50.11     50.11     
1539548128          50.11     50.11     
1539548170          50.08     50.08     
1539548212          50.10     50.10     
1539548254          50.11     50.11     
1539548296          50.12     50.12     
1539548338          50.10     50.10     
1539548380          50.11     50.11     
1539548422          50.08     50.08     
1539548464          50.10     50.10     
1539548506          50.10     50.10     
1539548548          50.09     50.09     
1539548590          50.11     50.11     
1539548632          50.11     50.11     
1539548674          50.11     50.11     
1539548716          50.11     50.11     
1539548759          50.11     50.11     
1539548801          50.12     50.12     
1539548843          50.12     50.12     
1539548885          50.12     50.12     
1539548927          50.12     50.12     
1539548969          50.10     50.10     
1539549011          50.10     50.10     
1539549053          50.10     50.10     
1539549095          50.09     50.09     
1539549137          50.11     50.11     
1539549179          50.10     50.10     
1539549221          50.10     50.10     
1539549263          50.12     50.12     
1539549305          50.12     50.12     
1539549347          50.12     50.12     
1539549389          50.13     50.13     
