9.068100E-02 5.000000E+02
1.014520E-01 4.950000E+02
1.239150E-01 4.850000E+02
1.354800E-01 4.800000E+02
1.471910E-01 4.750000E+02
1.590080E-01 4.700000E+02
1.709010E-01 4.650000E+02
1.828320E-01 4.600000E+02
1.947890E-01 4.550000E+02
2.067580E-01 4.500000E+02
2.306970E-01 4.400000E+02
2.426510E-01 4.350000E+02
2.545920E-01 4.300000E+02
2.665140E-01 4.250000E+02
2.784160E-01 4.200000E+02
2.902980E-01 4.150000E+02
3.021610E-01 4.100000E+02
3.258390E-01 4.000000E+02
3.376530E-01 3.950000E+02
3.494530E-01 3.900000E+02
3.612340E-01 3.850000E+02
3.730010E-01 3.800000E+02
3.847570E-01 3.750000E+02
4.082370E-01 3.650000E+02
4.199590E-01 3.600000E+02
4.316700E-01 3.550000E+02
4.433700E-01 3.500000E+02
4.550670E-01 3.450000E+02
4.667600E-01 3.400000E+02
4.901050E-01 3.300000E+02
5.133600E-01 3.200000E+02
5.249590E-01 3.150000E+02
5.365400E-01 3.100000E+02
5.596380E-01 3.000000E+02
5.711510E-01 2.950000E+02
5.826370E-01 2.900000E+02
5.940970E-01 2.850000E+02
6.169300E-01 2.750000E+02
6.211410E-01 2.731500E+02
6.283010E-01 2.700000E+02
6.396390E-01 2.650000E+02
6.509490E-01 2.600000E+02
6.622220E-01 2.550000E+02
6.846650E-01 2.450000E+02
7.069640E-01 2.350000E+02
7.291030E-01 2.250000E+02
7.401130E-01 2.200000E+02
7.510820E-01 2.150000E+02
7.620050E-01 2.100000E+02
7.945050E-01 1.950000E+02
8.052420E-01 1.900000E+02
8.159270E-01 1.850000E+02
8.265600E-01 1.800000E+02
8.371360E-01 1.750000E+02
8.476570E-01 1.700000E+02
8.581200E-01 1.650000E+02
8.685160E-01 1.600000E+02
8.788490E-01 1.550000E+02
8.891140E-01 1.500000E+02
8.993030E-01 1.450000E+02
9.094160E-01 1.400000E+02
9.194440E-01 1.350000E+02
9.293900E-01 1.300000E+02
9.392420E-01 1.250000E+02
9.490000E-01 1.200000E+02
9.682090E-01 1.100000E+02
9.776480E-01 1.050000E+02
9.869740E-01 1.000000E+02
9.961730E-01 9.500000E+01
1.005244E+00 9.000000E+01
1.014181E+00 8.500000E+01
1.022984E+00 8.000000E+01
1.027593E+00 7.734998E+01
1.031651E+00 7.500000E+01
1.040181E+00 7.000000E+01
1.048583E+00 6.500000E+01
1.056861E+00 6.000000E+01
1.060140E+00 5.800000E+01
1.063403E+00 5.600000E+01
1.066650E+00 5.400000E+01
1.069880E+00 5.200000E+01
1.073099E+00 5.000000E+01
1.076303E+00 4.800000E+01
1.082669E+00 4.400000E+01
1.089022E+00 4.000000E+01
1.090626E+00 3.900000E+01
1.092244E+00 3.800000E+01
1.093878E+00 3.700000E+01
1.097216E+00 3.500000E+01
1.102476E+00 3.200000E+01
1.104323E+00 3.100000E+01
1.106243E+00 3.000000E+01
1.108260E+00 2.900000E+01
1.110419E+00 2.800000E+01
1.112810E+00 2.700000E+01
1.115658E+00 2.600000E+01
1.119446E+00 2.500000E+01
1.125923E+00 2.400000E+01
1.140817E+00 2.300000E+01
1.162796E+00 2.200000E+01
1.181547E+00 2.100000E+01
1.197746E+00 2.000000E+01
1.205479E+00 1.950000E+01
1.213109E+00 1.900000E+01
1.220700E+00 1.850000E+01
1.228299E+00 1.800000E+01
1.235960E+00 1.750000E+01
1.243720E+00 1.700000E+01
1.251610E+00 1.650000E+01
1.259670E+00 1.600000E+01
1.267940E+00 1.550000E+01
1.276450E+00 1.500000E+01
1.285259E+00 1.450000E+01
1.294389E+00 1.400000E+01
1.303900E+00 1.350000E+01
1.313809E+00 1.300000E+01
1.324159E+00 1.250000E+01
1.334990E+00 1.200000E+01
1.346320E+00 1.150000E+01
1.358199E+00 1.100000E+01
1.370650E+00 1.050000E+01
1.383730E+00 1.000000E+01
1.397510E+00 9.500000E+00
1.412070E+00 9.000000E+00
1.427469E+00 8.500000E+00
1.443740E+00 8.000000E+00
1.460860E+00 7.500000E+00
1.478680E+00 7.000000E+00
1.496978E+00 6.500000E+00
1.515408E+00 6.000000E+00
1.522729E+00 5.800000E+00
1.529999E+00 5.599998E+00
1.537209E+00 5.400000E+00
1.544360E+00 5.199998E+00
1.565330E+00 4.599998E+00
1.572020E+00 4.400000E+00
1.584650E+00 4.000000E+00
1.587640E+00 3.900000E+00
1.590569E+00 3.799998E+00
1.593440E+00 3.700000E+00
1.599020E+00 3.500000E+00
1.601729E+00 3.400000E+00
1.604380E+00 3.299998E+00
1.606968E+00 3.200000E+00
1.609508E+00 3.099998E+00
1.611999E+00 3.000000E+00
1.614449E+00 2.900000E+00
1.616870E+00 2.799998E+00
1.619279E+00 2.700000E+00
1.621659E+00 2.599998E+00
1.623998E+00 2.500000E+00
1.626289E+00 2.400000E+00
1.628520E+00 2.299998E+00
1.630668E+00 2.200000E+00
1.634719E+00 2.000000E+00
1.636600E+00 1.899999E+00
1.638370E+00 1.799998E+00
1.640030E+00 1.700000E+00
1.641569E+00 1.600000E+00
1.642989E+00 1.500000E+00
1.644289E+00 1.399999E+00
