4.00            539.76         
5.00            539.76         
6.00            539.75         
7.00            539.75         
8.00            539.75         
9.00            539.75         
10.00           539.75         
11.00           539.75         
12.00           539.75         
13.00           539.75         
14.00           539.75         
15.00           539.75         
16.00           539.75         
17.00           539.75         
18.00           539.75         
19.00           539.75         
20.00           539.75         
21.00           539.75         
22.00           539.75         
23.00           539.75         
24.00           539.75         
25.00           539.75         
26.00           539.75         
27.00           539.75         
28.00           539.75         
29.00           539.75         
30.00           539.75         
31.00           539.76         
32.00           539.76         
33.00           539.76         
34.00           539.76         
35.00           539.76         
36.00           539.76         
37.00           539.76         
38.00           539.77         
39.00           539.77         
40.00           539.77         
41.00           539.77         
42.00           539.77         
43.00           539.78         
44.00           539.78         
45.00           539.78         
46.00           539.78         
47.00           539.78         
48.00           539.79         
49.00           539.79         
50.00           539.79         
51.00           539.80         
52.00           539.80         
53.00           539.80         
54.00           539.80         
55.00           539.81         
56.00           539.81         
57.00           539.81         
58.00           539.82         
59.00           539.82         
60.00           539.82         
61.00           539.83         
62.00           539.83         
63.00           539.83         
64.00           539.84         
65.00           539.84         
66.00           539.85         
67.00           539.85         
68.00           539.85         
69.00           539.86         
70.00           539.86         
71.00           539.87         
72.00           539.87         
73.00           539.87         
74.00           539.88         
75.00           539.88         
76.00           539.89         
77.00           539.89         
78.00           539.90         
79.00           539.90         
80.00           539.91         
81.00           539.91         
82.00           539.92         
83.00           539.92         
84.00           539.93         
85.00           539.93         
86.00           539.94         
87.00           539.94         
88.00           539.95         
89.00           539.95         
90.00           539.96         
91.00           539.97         
92.00           539.97         
93.00           539.98         
94.00           539.98         
95.00           539.99         
96.00           539.99         
97.00           540.00         
98.00           540.01         
99.00           540.01         
100.00          540.02         
101.00          540.03         
102.00          540.03         
103.00          540.04         
104.00          540.04         
105.00          540.05         
106.00          540.06         
107.00          540.06         
108.00          540.07         
109.00          540.08         
110.00          540.08         
111.00          540.09         
112.00          540.10         
113.00          540.11         
114.00          540.11         
115.00          540.12         
116.00          540.13         
117.00          540.13         
118.00          540.14         
119.00          540.15         
120.00          540.16         
121.00          540.16         
122.00          540.17         
123.00          540.18         
124.00          540.19         
125.00          540.19         
126.00          540.20         
127.00          540.21         
128.00          540.22         
129.00          540.23         
130.00          540.23         
131.00          540.24         
132.00          540.25         
133.00          540.26         
134.00          540.27         
135.00          540.27         
136.00          540.28         
137.00          540.29         
138.00          540.30         
139.00          540.31         
140.00          540.32         
141.00          540.32         
142.00          540.33         
143.00          540.34         
144.00          540.35         
145.00          540.36         
146.00          540.37         
147.00          540.38         
148.00          540.38         
149.00          540.39         
150.00          540.40         
151.00          540.41         
152.00          540.42         
153.00          540.43         
154.00          540.44         
155.00          540.45         
156.00          540.46         
157.00          540.47         
158.00          540.48         
159.00          540.49         
160.00          540.49         
161.00          540.50         
162.00          540.51         
163.00          540.52         
164.00          540.53         
165.00          540.54         
166.00          540.55         
167.00          540.56         
168.00          540.57         
169.00          540.58         
170.00          540.59         
171.00          540.60         
172.00          540.61         
173.00          540.62         
174.00          540.63         
175.00          540.64         
176.00          540.65         
177.00          540.66         
178.00          540.67         
179.00          540.68         
180.00          540.69         
181.00          540.70         
182.00          540.71         
183.00          540.72         
184.00          540.73         
185.00          540.74         
186.00          540.75         
187.00          540.76         
188.00          540.77         
189.00          540.78         
190.00          540.79         
191.00          540.81         
192.00          540.82         
193.00          540.83         
194.00          540.84         
195.00          540.85         
196.00          540.86         
197.00          540.87         
198.00          540.88         
199.00          540.89         
200.00          540.90         
201.00          540.91         
202.00          540.92         
203.00          540.93         
204.00          540.95         
205.00          540.96         
206.00          540.97         
207.00          540.98         
208.00          540.99         
209.00          541.00         
210.00          541.01         
211.00          541.02         
212.00          541.03         
213.00          541.05         
214.00          541.06         
215.00          541.07         
216.00          541.08         
217.00          541.09         
218.00          541.10         
219.00          541.11         
220.00          541.12         
221.00          541.14         
222.00          541.15         
223.00          541.16         
224.00          541.17         
225.00          541.18         
226.00          541.19         
227.00          541.21         
228.00          541.22         
229.00          541.23         
230.00          541.24         
231.00          541.25         
232.00          541.26         
233.00          541.28         
234.00          541.29         
235.00          541.30         
236.00          541.31         
237.00          541.32         
238.00          541.33         
239.00          541.35         
240.00          541.36         
241.00          541.37         
242.00          541.38         
243.00          541.39         
244.00          541.40         
245.00          541.42         
246.00          541.43         
247.00          541.44         
248.00          541.45         
249.00          541.46         
250.00          541.48         
251.00          541.49         
252.00          541.50         
253.00          541.51         
254.00          541.52         
255.00          541.54         
256.00          541.55         
257.00          541.56         
258.00          541.57         
259.00          541.58         
260.00          541.60         
261.00          541.61         
262.00          541.62         
263.00          541.63         
264.00          541.65         
265.00          541.66         
266.00          541.67         
267.00          541.68         
268.00          541.69         
269.00          541.71         
270.00          541.72         
271.00          541.73         
272.00          541.74         
273.00          541.75         
274.00          541.77         
275.00          541.78         
276.00          541.79         
277.00          541.80         
278.00          541.82         
279.00          541.83         
280.00          541.84         
281.00          541.85         
282.00          541.86         
283.00          541.88         
284.00          541.89         
285.00          541.90         
286.00          541.91         
287.00          541.93         
288.00          541.94         
289.00          541.95         
290.00          541.96         
291.00          541.98         
292.00          541.99         
293.00          542.00         
